5.179706563452113333e-01
6.486682499014139180e-01
6.013945350914955412e-01
9.779522771817260596e-01
6.521053715340885404e-01
6.463208805451773342e-01
4.443744092074486396e-03
1.005517579538284245e-02
6.736917984829039474e-01
2.119066672963675346e-01
4.304332805867008283e-01
1.171067624751753744e-01
3.372762455276736571e-01
9.029218601412357659e-01
7.396924693449452581e-01
8.178196011886029737e-01
2.660351480494951293e-01
8.807004815271324283e-02
1.958778395004070472e-01
4.223592039908674600e-01
6.873855363404600682e-01
8.659673373626396442e-01
6.621421306956969399e-01
8.611356434188820463e-01
7.210041185982721812e-01
3.932506509229705127e-02
2.058327197237077577e-01
8.706649759033474600e-01
7.911659100546870604e-01
3.708233543578927094e-01
6.466743925288647166e-01
9.681036660343456113e-01
1.387150587535465052e-01
3.019668361085727781e-01
1.479404650580878888e-01
1.578298417433861012e-01
6.089009572113511792e-01
8.490400531012974872e-01
4.517991177961131477e-01
6.584272082095160572e-01
9.964667804862984424e-01
6.403905488223908815e-01
9.710376056764699060e-01
1.179122009164519369e-01
8.596360074963843578e-01
3.323870415156359170e-01
6.510747219629472449e-01
9.167410544044004572e-01
9.395253046997615876e-01
7.223733487688422938e-01
7.090542280229903405e-01
4.308023281746334865e-01
5.118273880401301712e-01
8.619026123482821378e-01
9.677908457666994924e-02
4.843079127982925502e-01
2.266544049380416759e-01
5.151229673719016633e-01
2.524754688294137406e-01
1.514069647339126856e-01
1.682824808364602465e-02
3.785607387726375173e-03
1.505640109972561369e-03
7.732507278203469836e-01
8.974768102614703036e-01
4.316630648617725274e-02
6.495948416540251458e-01
2.946803972630003265e-01
5.917528782646579444e-01
9.884196961042839291e-01
8.094433528517056553e-01
7.293414619459787085e-01
6.337215337649044766e-01
1.078669841949428942e-01
7.700213487890970043e-01
7.556546738834750698e-01
3.909678243465820602e-01
2.767900076903609952e-01
6.230217292902806570e-02
7.986757570668437944e-01
9.080613836166667729e-01
9.384453238700670719e-01
7.546294800658608359e-01
8.357213820348766697e-01
5.809303488598316356e-03
7.497537698759237923e-01
9.922518542442329004e-01
6.350957988423351352e-01
2.470040685678316361e-01
4.470914971319780440e-01
6.988917255933331241e-01
2.051054958576261633e-01
2.218966590986491960e-01
9.655879301731652431e-01
7.870004429434754867e-01
7.021066733427575590e-01
1.016545711951331032e-01
5.872215814584731408e-01
6.938882331740525711e-01
3.366437007888734012e-02
